T:-.05,-.2;
P:7
n:2
p:57
3.886523, 15.838409, 10.375951, 16.122939, 12.474807, 16.208314, 17.073961, 16.238849, 17.045467, 15.229215, 15.708315, 15.267246, 15.736808, 13.148458, 17.244919, 13.162199, 17.558345, 12.227795, 18.299166, 11.916327, 18.612591, 11.746435, 19.218699, 11.456411, 19.304179, 10.727085, 20.018532, 10.718202, 20.008755, 10.387301, 20.631555, 10.432204, 20.460596, 12.385958, 30.961926, 12.144861, 31.161453, 17.107165, 31.387491, 18.382033, 31.475641, 21.713414, 32.802177, 21.685099, 32.259934, 16.315451, 32.203822, 12.086218, 36.062199, 12.026742, 36.581989, 12.000440, 36.563273, 10.812030, 36.040619, 10.917588, 36.004245, 8.820744, 35.769422, 8.603776, 35.770354, 7.805752, 36.905190, 7.867241, 36.962177, 7.952187, 42.229130, 8.089065, 50.606946, 7.958260, 53.120655, 7.784307, 53.144259, 7.362425, 53.258231, 1.148816, 41.445378, 1.481728, 41.523944, 3.178634, 41.663547, 7.102729, 37.195011, 7.079272, 36.502237, 7.022641, 36.440362, 5.602018, 34.554925, 5.585432, 34.184515, 6.961152, 31.214313, 6.916250, 31.105230, 10.522007, 30.847872, 10.932180, 21.749701, 10.970193, 21.832317, 8.914907, 20.596147, 8.893462, 20.593284, 9.278147, 20.588395, 9.476354, 19.897646, 9.474341, 19.923276, 9.283005, 3.891411, 9.207775, 
p:4
5.038051, 14.774158, 14.466419, 15.049607, 14.452592, 10.189094, 5.078346, 10.217409, 
p:9
15.694487, 12.376242, 15.701401, 10.528878, 17.598640, 10.474259, 17.615331, 10.868662, 17.643824, 11.095184, 17.511135, 11.350022, 17.130947, 11.689805, 16.593627, 12.239524, 16.088504, 12.307882, 
p:5
42.694188, 7.045265, 47.184193, 7.039247, 52.140086, 6.738655, 52.168579, 2.184752, 42.717793, 2.451319, 
p:4
0.044837, 25.000000, 0.073330, 0.061939, 60.000000, 0.078526, 60.000000, 24.983413, 
p:4
33.831439, 9.226949, 34.647125, 9.170318, 34.744407, 8.279637, 33.807835, 8.336268, 
p:4
34.134789, 11.753532, 34.191775, 10.734182, 35.473966, 10.677551, 35.502460, 11.781847, 
