P:5
n:2
p:48
4.104610, 9.065013, 17.606766, 9.065013, 17.724689, 10.239170, 16.132732, 10.127345, 16.191693, 11.748800, 17.842612, 11.804712, 17.783651, 11.245590, 19.375608, 11.357414, 19.257685, 13.482079, 20.260029, 13.370255, 20.260029, 14.600324, 20.790681, 14.600324, 21.026526, 15.047622, 21.675102, 14.991710, 21.616140, 13.202518, 31.993344, 13.146606, 32.641919, 4.200648, 33.939069, 4.200648, 33.467378, 13.202518, 36.946100, 13.370255, 37.594675, 13.705728, 37.712598, 14.656236, 37.122984, 14.712148, 37.181945, 17.340024, 38.361173, 17.395936, 38.361173, 17.116375, 54.988282, 17.284112, 55.165167, 17.563672, 55.165167, 24.217229, 42.842238, 24.049493, 43.019122, 18.234619, 38.714941, 18.234619, 38.479095, 17.955058, 38.125327, 18.010971, 38.066366, 19.296952, 35.648949, 19.296952, 35.531027, 18.402356, 32.523996, 18.402356, 32.465035, 14.264851, 22.736407, 14.264851, 22.736407, 16.389515, 21.910947, 16.445428, 21.380295, 15.718569, 19.906260, 15.662656, 19.906260, 15.830393, 17.665728, 15.774481, 17.547805, 15.998130, 4.163571, 15.942218, 
p:4
5.283837, 10.295081, 14.776620, 10.406906, 14.894543, 14.879885, 5.224876, 14.935798, 
p:9
16.250655, 13.090694, 16.132732, 14.879885, 18.255341, 15.047622, 18.255341, 14.712148, 17.724689, 14.600324, 17.606766, 14.041201, 17.606766, 13.314342, 16.722346, 13.314342, 16.722346, 12.978869, 
p:4
44.139388, 18.626005, 53.868017, 18.626005, 53.926978, 23.043072, 44.139388, 23.043072, 
p:4
0.272120, 0.342703, 0.272120, 25.000000, 60.000000, 25.000000, 60.000000, 0.342703, 
