T:2.2,4.8;
P:15
n:2
p:15
6.076144, 7.218770, 6.076144, 12.077104, 3.718899, 12.077104, 3.718899, 11.034072, 0.098844, 11.034072, 0.098844, 9.414627, 0.098844, 3.979881, 2.848963, 3.979881, 2.848963, 0.192028, 15.000000, 0.192028, 15.000000, 12.296690, 11.885069, 12.296690, 11.885069, 11.692829, 8.966575, 11.692829, 8.966575, 7.177598, 
p:4
2.399965, 9.524420, 2.399965, 8.920559, 0.124650, 8.920559, 0.124650, 9.524420, 
p:8
3.157650, 4.830775, 3.157650, 8.124561, 2.484152, 8.124561, 2.484152, 7.218770, 0.093767, 7.218770, 0.093767, 6.505116, 2.596401, 6.505116, 2.596401, 4.830775, 
p:6
5.655207, 0.161268, 5.655207, 2.881953, 6.974142, 2.881953, 6.974142, 2.250644, 6.244518, 2.250644, 6.244518, 0.189269, 
p:8
7.816015, 2.827055, 7.816015, 2.360436, 8.545639, 2.360436, 8.545639, 0.189269, 9.106887, 0.189269, 9.106887, 2.415332, 9.976823, 2.387885, 9.976823, 2.827057, 
p:8
10.818696, 2.881953, 10.818696, 2.305540, 11.267695, 2.305540, 11.267695, 0.185958, 11.744757, 0.185958, 11.744757, 2.332987, 13.204004, 2.332987, 13.204004, 2.909952, 
p:6
14.974758, 5.873808, 12.502443, 5.873808, 12.502443, 7.108977, 13.147879, 7.108977, 13.147879, 6.422772, 14.974193, 6.422772, 
p:8
12.446318, 9.881247, 12.446318, 8.399043, 12.951442, 8.399043, 12.951442, 8.838215, 14.973629, 8.838215, 14.973629, 9.414627, 12.923379, 9.414627, 12.923379, 9.881798, 
p:5
12.951442, 12.107862, 12.951442, 11.034072, 12.221818, 11.034072, 12.221818, 12.300000, 12.951442, 12.300000, 
p:6
11.492195, 10.375866, 11.492195, 9.195041, 11.015133, 9.195041, 11.015133, 9.689109, 8.963191, 9.689109, 8.963191, 10.347866, 
p:9
9.022700, 7.493252, 11.071258, 7.493252, 11.071258, 8.261802, 11.520257, 8.261802, 11.520257, 5.379740, 10.930946, 5.379740, 10.930946, 7.054081, 8.991253, 7.054081, 8.991253, 7.493252, 
p:5
5.907769, 6.203186, 6.774413, 4.734971, 7.183603, 4.966045, 6.234283, 6.574326, 5.847516, 6.316296, 
p:4
6.693518, 6.971736, 7.762103, 5.161403, 7.325930, 4.915090, 6.196957, 6.827730, 
p:10
10.762571, 5.187603, 9.640074, 5.187603, 9.640074, 6.230634, 9.022700, 6.230634, 9.022700, 5.352291, 7.844078, 5.352291, 7.844078, 6.011049, 8.405326, 6.011049, 8.405326, 6.916840, 10.734509, 6.916840, 
p:4
10.004885, 3.074091, 7.647640, 3.074091, 7.647640, 3.952432, 9.976823, 3.952432, 
